17
2
11 7
13 14 
0 167 0 0 0 26 93 0 0 0 0 0 0 0 0 0 0 
167 0 0 16 0 0 57 0 0 0 0 0 165 0 116 0 65 
0 0 0 0 0 15 0 0 94 200 18 0 0 0 30 0 133 
0 16 0 0 0 22 146 35 0 190 0 0 0 0 6 0 0 
0 0 0 0 0 0 0 49 0 127 0 29 0 0 0 0 0 
26 0 15 22 0 0 184 0 0 0 0 118 0 0 122 0 34 
93 57 0 146 0 184 0 120 0 122 0 0 0 0 0 0 99 
0 0 0 35 49 0 120 0 0 187 0 189 0 0 0 0 0 
0 0 94 0 0 0 0 0 0 0 0 0 0 0 0 52 0 
0 0 200 190 127 0 122 187 0 0 0 0 0 0 0 0 196 
0 0 18 0 0 0 0 0 0 0 0 0 0 87 0 0 0 
0 0 0 0 29 118 0 189 0 0 0 0 0 0 0 0 0 
0 165 0 0 0 0 0 0 0 0 0 0 0 132 0 0 105 
0 0 0 0 0 0 0 0 0 0 87 0 132 0 140 31 0 
0 116 30 6 0 122 0 0 0 0 0 0 0 140 0 0 0 
0 0 0 0 0 0 0 0 52 0 0 0 0 31 0 0 0 
0 65 133 0 0 34 99 0 0 196 0 0 105 0 0 0 0 
