19
4
1 10
17 3 11 18 
0 0 23 1 0 0 0 107 0 0 0 0 0 145 0 0 0 29 0 
0 0 0 0 0 86 0 0 0 0 0 61 0 0 0 0 0 0 0 
23 0 0 0 0 91 192 125 0 0 0 0 151 0 0 0 0 0 0 
1 0 0 0 86 0 0 72 145 6 0 194 2 179 0 0 0 87 0 
0 0 0 86 0 0 0 0 0 0 0 0 0 0 0 134 36 0 0 
0 86 91 0 0 0 118 0 0 0 139 0 0 138 0 0 163 0 0 
0 0 192 0 0 118 0 0 0 0 0 184 0 0 0 0 0 44 0 
107 0 125 72 0 0 0 0 39 44 96 0 0 0 0 0 0 0 100 
0 0 0 145 0 0 0 39 0 16 46 0 177 0 71 159 0 0 0 
0 0 0 6 0 0 0 44 16 0 0 29 56 0 0 154 90 0 0 
0 0 0 0 0 139 0 96 46 0 0 0 0 88 0 0 118 0 0 
0 61 0 194 0 0 184 0 0 29 0 0 0 0 0 0 0 0 0 
0 0 151 2 0 0 0 0 177 56 0 0 0 0 200 124 0 0 0 
145 0 0 179 0 138 0 0 0 0 88 0 0 0 0 0 0 0 0 
0 0 0 0 0 0 0 0 71 0 0 0 200 0 0 0 126 64 0 
0 0 0 0 134 0 0 0 159 154 0 0 124 0 0 0 116 0 0 
0 0 0 0 36 163 0 0 0 90 118 0 0 0 126 116 0 0 0 
29 0 0 87 0 0 44 0 0 0 0 0 0 0 64 0 0 0 0 
0 0 0 0 0 0 0 100 0 0 0 0 0 0 0 0 0 0 0 
